(0031)aria_c_37
(0001)aria_d_27
(0026)aria_d_27
(0024)aria_d_30
(0003)aria_d_29
(0001)aria_d_26
(0018)aria_d_26
(0007)aria_d_28
1494
1495
1497
1498
1499
1500
1501
1503
1504
1505
1508
1510
1511
1512
1514
1515
1518
1520
1521
1522
1524
1525
1526
1528
1530
1534
1536
1538
1539
1541
1542
1543
1544
1546
1547
1548
1549
1551
1553
1555
1556
1557
1558
1562
1564
1565
1570
1571
1572
1582
1583
1584
1586
1587
1588
1589
1590
1591
1593
1596
1598
1600
1601
1602
1610
1612
1614
1620
1622
1623
1624
1626
1627
1629
1630
1631
1633
1636
1638
1639
1644
1645
1648
1649
1654
1656
1657
1658
1659
1660
1661
1662
1663
1665
1666
1667
1668
1671
1674
1675
1678
1679
1682
1684
1687
1688
1689
1690
1691
1692
1693
1696
1697
1698
1699
1700
1702
1703
1704
1705
1706
1708
1710
1711
1713
1714
1717
1719
1727
1728
1729
1730
1731
1734
1736
1893
1894
1895
1896
1897
1898
1899
1901
1902
1904
1905
1907
1908
1909
1910
1912
1913
1917
1918
1920
(0004)aria_d_28
1513
1523
1529
1535
1537
1540
1545
1554
1559
1563
1567
1569
1592
1594
1603
1604
1605
1635
1637
1642
1647
1650
1664
1670
1676
1685
1701
1707
1709
1715
1716
1735
1737
1738
1739
1891
1892
1903
1906
1911